# Flow (Creo): "milisegundo tecla fuerza", tecla 0-23 = do a si de dos octavas. Hecho con timeline.py
430 12 2
697 12 6
813 12 4
987 19 3
1080 19 3
1242 19 5
1370 19 5
1579 12 4
1834 19 6
2067 19 6
2299 19 5
2810 12 12
2926 12 8
3727 12 77
3959 12 42
4180 12 100
4435 12 82
4656 16 100
5120 19 100
5364 19 86
5596 19 99
5840 19 85
6060 7 100
6304 7 100
6525 16 100
7001 12 79
7245 12 76
7465 12 78
7709 12 44
7941 12 100
8173 12 100
8359 12 44
8638 19 76
8870 19 100
9102 19 100
9334 19 100
9578 19 100
9799 7 100
10043 19 100
10275 16 100
10751 19 68
10995 12 73
11227 7 85
11459 12 33
11691 12 100
11935 12 75
12156 12 100
12399 12 43
12620 12 100
12864 5 90
13108 17 95
13340 17 84
13560 5 100
13804 17 100
14025 17 100
14501 17 100
14745 17 92
14965 5 94
15209 12 49
15441 12 100
15673 12 100
15801 12 54
15906 17 100
16161 12 50
16382 17 75
16614 21 97
17322 17 7
17438 17 7
17554 17 5
17694 17 6
17798 17 15
17914 17 7
18727 5 100
19006 12 35
19110 19 34
19435 12 54
19656 19 100
20132 17 89
20364 7 64
20608 17 80
20840 17 73
21060 17 100
21304 17 83
21537 17 100
22001 12 81
22245 12 72
22465 12 83
22941 20 100
23174 17 79
23359 17 36
23650 12 66
23882 20 79
24114 19 82
24346 22 71
24578 22 71
24799 22 96
25054 22 73
25275 17 100
25763 22 68
25995 12 71
26227 17 75
26459 12 34
26691 18 100
26842 19 32
26935 19 62
27156 19 100
27400 17 46
27620 17 87
27864 7 61
28108 17 91
28340 17 67
28561 17 87
28804 17 94
29037 17 100
29501 17 100
29745 17 77
29965 17 77
30209 12 37
30441 17 100
30674 12 100
30906 17 100
31161 12 49
31382 17 74
31614 21 100
32090 17 40
32345 17 23
32810 17 31
33030 17 35
33263 17 34
33495 17 37
33727 5 72
34006 12 32
34110 12 34
34435 12 52
34656 19 100
34900 19 38
35132 17 84
35364 17 65
35608 17 67
35840 12 65
36061 17 75
36304 17 72
36537 17 100
37001 17 73
37245 12 69
37477 17 65
37709 12 52
37941 20 100
38174 17 77
38359 17 35
38650 19 64
38882 20 80
39114 19 85
39346 22 71
39578 22 73
39799 22 88
40043 21 73
40275 17 100
40763 20 62
40995 12 60
41239 17 57
41459 12 45
41691 12 86
41935 12 55
42156 19 91
42400 17 50
42632 17 74
42864 7 57
43108 17 80
43340 17 56
43561 5 69
43804 17 69
44037 17 93
44280 17 33
44501 17 100
44745 17 62
44977 21 50
45209 12 44
45441 12 100
45674 12 81
45906 17 100
46150 12 48
46382 12 70
46614 21 92
46951 15 26
47369 15 18
47566 15 21
47798 13 26
48797 19 34
48959 19 39
49203 19 46
49435 19 38
49667 19 63
50132 19 66
50376 19 42
50596 19 72
50828 19 39
51072 19 72
51316 19 68
51537 16 61
51792 19 40
52001 19 96
52257 19 47
52477 7 73
52721 12 42
52941 12 88
53174 19 56
53406 19 83
53650 19 43
53882 19 78
54114 19 67
54346 19 72
54590 19 45
54811 7 75
55055 19 74
55287 16 65
55542 19 41
55751 19 100
56007 12 48
56227 5 82
56471 19 51
56692 20 74
56947 17 54
57156 17 82
57400 12 39
57632 17 65
57864 7 37
58096 12 67
58329 17 38
58561 17 71
58816 12 65
59037 17 60
59501 17 99
59757 17 47
59977 5 74
60221 12 66
60442 12 85
60674 20 54
60906 21 91
61161 17 48
61382 20 81
61614 5 55
61846 17 71
62090 17 52
62311 5 74
62555 17 63
62787 17 67
63042 22 38
63251 22 85
63495 13 65
63727 5 86
63959 12 37
64192 19 45
64435 19 37
64668 19 67
65132 19 67
65376 19 44
65596 19 71
65817 19 36
66061 19 73
66316 19 70
66537 19 63
66781 19 37
67001 19 96
67257 19 47
67477 7 77
67721 12 46
67942 12 90
68174 19 54
68406 19 85
68661 19 46
68882 19 79
69114 19 71
69346 22 75
69590 19 57
69811 7 76
70055 19 73
70287 5 63
70542 19 38
70751 19 99
70995 7 47
71227 5 78
71471 19 46
71692 20 69
71947 17 51
72156 17 78
72411 20 36
72632 17 70
72864 12 41
73096 12 69
73329 17 41
73561 17 73
73816 19 71
74037 17 58
74501 12 100
74757 13 45
74977 17 75
75221 12 63
75442 12 85
75674 12 60
75906 17 91
76161 17 44
76382 20 79
76614 17 82
77555 22 53
77775 22 85
78495 12 30
78727 12 85
79192 12 100
79435 12 74
79656 12 100
80120 12 98
80364 19 69
80608 19 89
80840 19 75
81061 7 100
81305 12 100
81525 16 100
82001 12 86
82245 12 78
82466 12 86
82709 12 46
82942 12 100
83174 12 100
83360 12 44
83650 19 75
83870 19 100
84114 19 91
84346 19 95
84579 19 79
84811 7 88
85043 19 65
85275 16 100
85566 19 44
85763 22 67
85995 12 50
86227 5 65
86576 12 71
86819 12 68
86924 12 100
87156 16 100
87400 12 44
87620 12 100
87969 12 86
88108 9 36
88236 17 85
88340 17 74
88561 17 100
88816 17 53
89037 17 100
89269 17 63
89501 22 89
89734 17 32
89861 17 63
89977 17 51
90221 12 33
90442 21 100
90674 12 60
90906 12 100
91162 12 50
91382 12 73
91614 5 95
93263 17 48
93484 21 98
93716 9 60
94436 5 37
94656 7 40
95597 9 72
95840 21 37
96305 5 41
96537 5 35
97013 5 71
97234 23 94
97466 5 100
98174 5 41
98418 7 45
99579 19 50
100055 21 39
100775 21 30
101216 14 100
101692 7 89
101924 5 38
102168 5 44
103097 9 40
103329 19 36
103793 12 43
104037 5 33
104513 5 70
104734 23 97
104966 5 100
105674 5 41
105918 7 42
107079 16 49
107555 9 44
108275 21 30
108716 21 100
108983 22 35
109203 22 39
109436 5 42
109656 5 62
110132 17 40
110388 5 37
110608 9 50
110840 9 40
111073 10 42
111316 9 53
111537 5 46
112036 5 32
112245 21 55
112466 21 53
113186 5 35
113406 5 37
114590 21 38
115043 5 39
115287 5 34
115763 5 66
115984 23 99
116216 12 100
116936 5 43
117156 5 61
117632 22 43
117876 5 38
118108 9 50
118340 9 36
118573 10 34
118817 5 49
119037 5 47
119455 5 27
119966 9 100
120175 19 31
120674 19 38
120918 19 34
122079 17 34
122555 17 34
123728 5 39
124378 17 33
124668 17 38
125841 17 39
126305 21 44
126537 17 67
127245 21 32
127478 12 41
128418 12 43
129358 19 21
129591 19 15
129823 19 16
130287 12 60
130995 12 12
131228 12 21
131471 12 13
131750 12 13
132168 12 60
132400 19 44
132632 19 65
132865 19 39
133108 19 48
134037 19 51
134269 12 31
134432 12 40
134745 12 36
134978 19 34
135488 12 12
135906 20 53
136150 20 19
136731 20 12
136847 17 25
137091 17 17
137323 17 18
137787 17 72
138019 17 48
138252 17 78
138495 13 37
138600 13 100
138728 12 78
139424 12 91
139668 12 43
140132 17 87
140829 17 98
141537 17 92
142466 5 100
142710 12 38
142954 15 46
143418 19 66
143882 19 62
144126 19 39
144347 19 68
144579 19 34
144811 19 70
145067 19 67
145287 19 61
145752 19 89
146007 7 45
146228 19 74
146471 12 41
146692 12 81
146924 19 50
147156 19 81
147412 19 44
147632 19 76
147865 19 55
148097 19 68
148341 19 46
148561 7 73
148817 19 66
149037 12 60
149293 19 41
149502 19 89
149745 7 49
149978 5 69
150221 19 47
150442 20 69
150686 12 50
150906 17 74
151150 12 36
151382 17 65
151626 7 38
151847 12 65
152079 17 36
152323 5 65
152567 12 60
152787 17 58
153252 12 91
153507 17 43
153728 5 72
153972 12 55
154192 12 73
154424 12 51
154657 17 86
154912 17 45
155133 20 73
155365 5 51
155597 17 71
155841 17 46
156061 17 71
156305 17 56
156537 17 61
157002 22 66
157246 12 52
157478 5 67
157710 12 34
157954 20 44
158418 19 62
158883 19 65
159115 19 41
159347 19 71
159823 19 64
160067 19 67
160287 19 61
160752 19 96
161007 19 45
161228 19 72
161472 12 44
161692 12 75
161936 19 43
162157 19 80
162400 19 43
162633 19 65
162865 19 60
163097 19 71
163341 19 46
163561 19 68
163805 19 63
164037 12 56
164293 19 38
164502 12 90
164746 12 45
164978 19 69
165222 19 41
165442 20 62
165698 19 46
165907 17 74
166150 20 39
166371 17 63
166615 17 37
166847 12 64
167079 17 36
167323 5 64
167567 12 58
167787 16 54
168043 12 37
168252 17 92
168507 0 40
168728 17 65
168972 12 54
169192 12 68
169436 20 47
169657 21 79
169912 17 41
170133 19 68
170365 19 50
170597 17 77
170841 17 46
171061 5 65
171305 17 47
171549 22 55
172002 17 80
172246 12 39
172478 7 56
172954 20 44
173418 19 63
173883 19 54
174126 19 39
174347 19 65
174823 19 56
175067 19 61
175287 19 57
175752 19 86
176007 19 41
176228 19 61
176472 12 38
176692 12 70
176924 19 45
177157 19 76
177412 19 43
177633 19 67
177865 19 49
178097 19 63
178341 19 43
178561 7 62
178805 19 58
179049 16 56
179293 12 38
179502 19 85
179746 7 40
179978 19 51
180222 19 41
180442 20 60
180698 19 45
180907 19 67
181162 12 37
181383 17 60
181626 12 36
181847 12 62
182323 17 60
182567 12 63
182787 17 52
183252 17 76
183507 13 43
183728 5 60
183972 12 53
184192 12 65
184424 20 49
184657 21 75
184912 17 44
185133 19 70
185365 5 48
185597 17 62
185841 17 48
186061 5 63
186305 17 54
186538 22 63
186793 22 36
187002 12 58
187246 12 46
187478 19 54
187710 19 34
187954 20 40
188198 19 34
188418 19 57
188883 19 49
189127 19 35
189359 19 53
189591 19 33
189823 19 52
190067 19 58
190288 19 51
190752 19 68
191007 19 38
191228 7 55
191472 12 34
191692 12 58
191936 19 40
192168 19 69
192412 19 45
192633 19 57
192865 19 48
193097 22 55
193341 19 42
193562 12 48
193817 19 49
194049 12 54
194502 19 68
194757 12 36
194978 19 48
195222 19 35
195442 19 45
195698 19 40
195907 12 65
196162 19 34
196383 17 48
196627 7 29
196847 12 51
197079 17 28
197323 17 48
197567 19 48
197799 17 55
198252 17 67
198507 17 38
198728 17 49
198972 12 43
199204 12 54
199425 17 40
199668 12 73
199912 17 46
200133 22 59
200365 5 59
201305 17 37
201526 19 95
205009 19 1
205125 19 1
